(1,-3240.6465)
(105,-2.0)
(107,10.0)
(113,-13.624176)
(115,0.09288406)
(124,-4.9600105)
(126,10.270209)
(127,-42.350277)
(130,167.4998)
(131,-99.94995)
(132,21.2862)
(133,3.8146973E-6)
(135,-6.7000065)
(136,154.05313)
(137,-3.3892365)
(138,9.938477)
(14,95.478516)
(141,-14.860123)
(146,10.526951)
(148,-1480.7634)
(149,0.05000305)
(15,-9.993042)
(150,-14.898987)
(151,-67.9801)
(152,0.0)
(153,-11.605408)
(154,0.020004272)
(155,-73.641846)
(16,-310.92188)
(17,50.0)
(170,-106.60681)
(174,0.9229126)
(177,-13.099564)
(178,-440.0)
(182,-5.000098)
(184,-20.000027)
(194,0.12036133)
(198,0.0464772)
(2,100.0)
(25,0.30090332)
(26,100.0)
(28,-21.910202)
(30,-1812.1543)
(31,0.008514404)
(34,3.6239624E-5)
(35,113.1994)
(36,-205.40417)
(37,267.0)
(38,0.19999886)
(40,17.500061)
(42,-275.0)
(43,-162.64844)
(46,-2326.231)
(47,20.0)
(48,0.16432571)
(5,50.0)
(50,-14.212158)
(52,4.272461E-4)
(54,-17.938232)
(55,0.046554565)
(57,0.040006638)
(66,-50.00003)
(67,-55.70288)
(70,-30.819778)
(74,6.7868958)
(76,10.270209)
(77,10.0)
(78,-13.937286)
(85,0.5779114)
(89,100.0)
(90,-1.1920929E-7)
(92,23.320896)
(93,-7.00999)
(94,-5.1495514)
(95,-4.23999)
(98,-19.400665)
